obstacles = [[-5, 25, 0, 20, 35, 60],
             [30, 25, 0, 55, 35, 100],
             [45, 35, 0, 55, 60, 60],
             [45, 75, 0, 55, 85, 100],
             [-5, 65, 0, 30, 70, 100],
             [70, 50, 0, 80, 80, 100]]
map 2
 obstacles = [[-5, 25, 0, 20, 35, 60],
             [30, 25, 0, 55, 35, 100],
             [45, 35, 0, 55, 60, 60],
             [45, 75, 0, 55, 85, 100],
             [-5, 65, 0, 30, 70, 100],
             [70, 50, 0, 80, 80, 100],
             [50, 40, 0, 60, 50, 60],]

map 3

 obstacles = [[-10, 20, 0, 20, 35, 60],
             [30, 25, 0, 55, 35, 100],
             [45, 35, 0, 55, 60, 60],
             [35, 75, 0, 55, 85, 100]]
